ISS (ZARYA)             
1 25544U 98067A   12117.82204463  .00017089  00000-0  22779-3 0  4474
2 25544  51.6414  19.3216 0009793 285.7324  74.3106 15.57400551174112
TIANGONG 1              
1 37820U 11053A   12117.16888407  .00057340  00000-0  40832-3 0  6866
2 37820  42.7858   7.4165 0010640 236.9637 260.1698 15.72912953 32995
SOYUZ-TMA 22            
1 37877U 11067A   12116.53732639  .00024553  00000-0  31773-3 0  1373
2 37877  51.6453  25.7505 0007578 316.0227  36.4793 15.58735863 25493
SOYUZ-TMA 03M           
1 38036U 11078A   12116.53732639  .00024553  00000-0  31773-3 0  1081
2 38036  51.6453  25.7505 0007578 316.0227  36.4793 15.58735863 19663
PROGRESS-M 14M          
1 38073U 12004A   12117.89253054  .00683934  00000-0  82224-2 0  1070
2 38073  51.6439  18.9894 0035295 334.2362  25.7317 15.59385787 14353
ATV-3 (EDOARDO AMALDI)  
1 38096U 12010A   12116.53732639  .00024553  00000-0  31773-3 0   397
2 38096  51.6453  25.7505 0007578 316.0227  36.4793 15.58735863  5226
PROGRESS-M 15M          
1 38222U 12015A   12116.53732639  .00024553  00000-0  31773-3 0   191
2 38222  51.6453  25.7505 0007578 316.0227  36.4793 15.58735863   772